3704
3706
3765
3818
3826
3860
3930
3971
4130
4136
4149
4152
4163
4175
4244
4245
4246
4247
4290
4387
4390
4391
4468
4469
4471
4472
4477
4480
4486
4487
4488
4497
4507
4561
4563
4610
4612
4614
4621
4622
4631
4633
4647
4651
4660
4682
4694
4716
4718
4720
4724
4725
4728
4749
4750
4764
4766
4800
4840
4884
4886
4890
4892
4893
4894
4895
4896
4897
4899
4901
4906
4911
4912
4913
4926
4937
4969
5007
5009
5012
5013
5014
5015
5016
5018
5021
5054
5066
5068
5069
5073
5074
5102
5142
5153
5154
5155
5156
5157
5158
5159
5160
5161
5162
5163
5164
5185
5187
5190
5191
5192
5193
5194
5195
5197
5214
5217
5245
5253
5256
5262
5270
5292
5293
5294
5295
5317
5318
5321
5322
5323
5324
5325
5327
5330
5334
5336
5338
5341
5344
5349
5350
5352
5356
5357
5362
5390
5393
5432
5433
5464
5466
5468
5469
5470
5471
5472
5473
5474
5475
5476
5480
5482
5484
5487
5490
5491
5492
5495
5497
5500
5501
5506
5524
5582
5583
5600
5601
5602
5637
5638
5640
5642
5643
5645
5646
5650
5651
5652
5655
5657
5658
5660
5661
5663
5667
5678
5681
5684
5689
5693
5708
5726
5727
5728
5733
5739
5747
5754
5762
5763
5764
5765
5766
5767
5768
5769
5821
5822
5823
5824
5825
5826
5827
5832
5835
5836
5840
5841
5842
5843
5844
5845
5850
5855
5856
5858
5859
5862
5864
5880
5886
5892
5893
5894
5904
5905
5958
5959
6014
6015
6016
6017
6018
6019
6020
6021
6022
6023
6025
6026
6028
6029
6030
6031
6032
6033
6034
6035
6036
6037
6038
6043
6044
6045
6047
6048
6050
6052
6053
6056
6057
6058
6059
6060
6061
6065
6066
6073
6076
6109
6114
6119
6121
6132
6133
6149
6163
6164
6165
6166
6167
6168
6169
6170
6171
6172
6173
6174
6175
6176
6204
6205
6206
6207
6208
6209
6210
6211
6212
6213
6214
6216
6217
6218
6219
6220
6222
6223
6224
6226
6229
6231
6232
6233
6234
6235
6236
6240
6246
6253
6254
6255
6256
6259
6264
6267
6268
6269
6275
6280
6281
6282
6285
6289
6290
6292
6307
6315
6327
6329
6330
6335
6353
6355
6356
6395
6396
6397
6398
6399
6400
6401
6402
6403
6404
6405
6406
6407
6408
6409
6410
6411
6412
6413
6414
6415
6416
6417
6418
6419
6420
6421
6422
6424
6426
6427
6429
6430
6431
6432
6433
6434
6435
6436
6437
6438
6441
6442
6444
6445
6447
6448
6450
6452
6454
6459
6460
6462
6463
6464
6466
6468
6471
6480
6483
6499
6508
6511
6512
6513
6514
6515
6516
6548
6549
6550
6551
6552
6553
6554
6555
6556
6557
6558
6559
6560
6561
6562
6563
6564
6565
6566
6567
6568
6569
6570
6571
6572
6573
6574
6575
6577
6578
6579
6580
6581
6582
6583
6584
6585
6586
6588
6589
6590
6593
6594
6595
6596
6597
6598
6600
6604
6605
6606
6607
6608
6610
6612
6613
6614
6617
6619
6620
6621
6624
6626
6627
6629
6632
6633
6634
6635
6636
6640
6643
6644
6653
